Id-Collection
100000445
100000446
100000447
100000448
100000518
100000519
100001188
100001273
100001393
100001678
100001753
100001783
100002022
100002415
100002880
100002884
100002963
100002965
100002969
100003032
100003034
100003039
100003040
100003041
100003042
100003560
100003561
100003562
100003563
100003564
100003565
100003566
100003567
100003568
100003569
100003570
100003571
100003572
100003573
100003574
100003575
100003576
100003578
100003579
100003580
100003581
100003582
100003583
100003584
100003585
100003586
100003587
100003588
100003589
100003590
100003591
100003592
100003593
100003594
100003595
100003596
100003597
100003598
100003599
100003600
100003601
100003602
100003603
100003604
100003605
100003606
100003607
100003610
100003611
100003612
100003613
100003702
100003832
100003842
100003845
100003925
100004126
100004165
100004308
100004575
100004595
100004691
100004692
100004857
100005014
100005020
100005048
100005157
100005392
100005393
100005394
100005395
100005630
100005662
100005664
100005835
100005837
100005838
100006456
100006825
100006920
100006921
100006922
100006923
100007068
100007069
100007108
100007363
100007381
100007390
100007395
100007698
100007834
100007876
100007882
100008160
100008205
100008473
100008521
100008522
100008546
100008573
100008715
100008731
100008768
100008928
100008931
100008932
100009153
100009154
100009219
100009220
100009221
100009222
100009814
100009915
100009916
100009928
100009931
100010066
100010113
100010223
100010264
100010265
100010268
100010269
100010270
100010271
100010272
100010273
100010274
100010337
100010638
100010640
100010641
100010642
100010646
100010651
100010652
100010653
100010654
100010655
100010656
100010657
100010658
100010659
100010660
100011008
100011009
100011010
100011422
100011427
100011428
100011429
100011605
100011619
100011631
100011632
100011637
100011747
100011748
100011749
100011783
100011851
100011852
100011853
100011854
100011934
100011935
100011984
100011985
100012015
100012016
100012079
100012161
100012217
100012218
100012285
100012286
100012340
100012585
100012608
100012754
100012756
100012757
100012758
100012785
100012787
100012893
100013031
100013034
100013099
100013246
100013436
100013460
100013524
100013678
100013679
100013680
100013681
100013682
100013683
100013684
100013685
100013686
100013687
100013755
100013757
100013758
100013759
100013760
100013817
100013833
100013834
100013835
100013990
100013992
100013994
100013995
100014077
100014096
100014228
100014230
100014231
100014511
100014557
100014585
100014631
100014632
100014633
100014670
100014679
100015128
100015266
100015388
100015584
100015585
100015586
100015729
100015778
100015779
100015780
100015781
100016107
100016151
100016157
100016158
100016159
100016160
100016161
100016261
100016262
100016421
100016422
100016424
100016667
100016669
100016673
100016754
100016786
100016789
100016790
100016795
100016888
100016908
100016909
100016910
100016911
100016912
100016914
100016915
100017105
100017106
100017151
100017181
100017341
100017523
100017789
100017799
100017946
100018241
100018242
100018264
100018267
100018268
100018269
100018487
100018531
100018862
100019208
100019209
100019210
100019211
100019274
100019275
100019325
100019385
100019720
100019721
100019722
100019723
100019724
100019725
100019726
100019728
100019729
100019731
100019732
100019733
100019734
100019735
100019736
100019737
100019738
100019739
100019740
100019755
100019756
100019757
100019758
100019777
100019778
100019809
100019810
100020095
100020103
100020104
100020198
100020199
100020201
100020207
100020240
100020241
100020243
100020479
100020660
100020661
100020865
100020873
100020981
100020993
100020994
100020995
100021131
100021132
100021143
100021182
100021183
100021184
100021185
100021390
100021391
100021392
100021426
100021427
100021607
100021727
100022012
100022226
100022305
100022540
100022541
100022543
100022547
100022580
100022581
100022582
100023038
100023071
100023085
100023269
100023270
100023387
100023388
100023389
100023462
100023514
100023678
100024146
100024147
100024148
100024149
100024150
100024151
100024230
100024231
100024232
100024233
100024234
100024235
100024236
100024297
100024362
100024363
100024364
100024535
100024536
100024559
100024661
100024668
100024763
100025075
100025076
100025077
100025078
100025079
100025080
100025243
100025372
100025474
100025615
100025792
100026123
100026124
100026469
100026599
100026656
100026846
100027012
100027013
100027014
100027015
100027018
100027019
100027020
100027021
100027022
100027039
100027059
100027060
100027061
100027062
100027063
100027075
100027076
100027077
100027116
100027141
100027341
100027342
100027494
100027495
100027939
100028002
100028353
100029087
100029088
100029089
100029120
100029121
100029123
100029851
100029902
100029903
100029904
100029905
100029916
100029965
100029972
100030145
100030168
100030332
100030353
100030402
100030418
100030452
100030470
100030488
100030490
100030491
100030517
100030584
100030585
100030586
100030610
100030611
100030630
100030638
100030640
100030642
100030651
100030652
100030659
100030676
100030761
100030768
100030820
100030837
100030931
100030932
100030933
100030934
100030935
100030940
100030986
100030989
100030993
100031062
100031197
100031222
100031235
100031236
100031237
100031276
100031410
100031411
100031413
100031414
100031415
100031416
100031417
100031418
100031419
100031420
100031431
100031435
100031441
100031480
100031482
100031483
100031713
100031968
100031969
100031970
100031971
100032128
100032129
100032130
100032131
100032146
100032152
100032154
100032155
100032159
100032161
100032163
100032165
100032169
100032236
100032237
100032269
100032454
100032641
100032655
100032657
100032661
100032714
100032715
100032754
100032755
100032772
100032920
100032983
100033028
100033035
100033037
100033038
100033039
100033088
100033089
100033127
100033128
100033129
100033130
100033550
100033615
100033660
100033674
100033675
100033917
100033965
100033984
100033986
100033987
100033989
100034053
100034165
100034452
100034495
100034496
100034497
100034500
100034501
100034648
100034882
100034893
100034894
100035004
100035126
100035172
100035242
100035631
100035632
100035633
100035640
100035852
100035876
100035887
100036172
100036173
100036278
100036279
100036476
100036486
100036488
100036489
100036499
100037008
100037010
100037011
100037012
100037111
100037112
100037122
100037243
100037306
100037429
100037444
100037624
100037625
100037687
100037688
100037709
100037750
100037899
100038129
100038433
100038434
100038466
100038528
100038690
100038691
100039000
100039001
100039002
100039364
100039367
100039376
100039435
100039469
100039609
100039656
100039659
100039661
100039662
100039663
100040109
100040135
100040190
100040191
100040193
100040476
100040696
100040697
100040860
100040870
100041000
100041114
100041252
100041597
100041680
100041704
100041767
100041791
100041792
100041858
100041999
100042000
100042081
100042082
100042159
100042169
100042170
100042228
100042233
100042272
100042273
100042274
100042275
100042310
100042383
100042410
100042478
100042486
100042487
100042499
100042500
100042501
100042617
100042618
100042619
100042620
100042789
100042858
100042868
100042890
100042914
100042915
100043047
100043573
100043574
100043664
100043719
100043720
100043721
100043759
100043760
100043761
100043803
100043805
100044068
100044104
100044105
100044106
100044371
100044372
100044687
100044712
100044713
100044729
100045094
100045372
100045391
100045471
100045472
100045818
100045869
100045926
100045927
100045984
100045985
100045986
100046184
100046493
100046544
100046689
100046720
100046721
100046722
100046798
100047044
100047053
100047054
100047229
100047279
100047280
100047281
100047339
100047355
100047356
100047369
100047459
100047467
100047468
100047475
100047476
100047514
100047517
100047519
100047523
100047527
100047647
100047745
100047971
100047999
100048274
100048275
100048276
100048277
100048278
100048279
100048280
100048281
100048282
100048329
100048330
100048409
100048410
100048411
100048412
100048413
100048414
100048415
100048416
100048692
100048694
100048811
100048812
100048813
100048814
100048863
100048864
100048865
100048878
100049071
100049119
100049218
100049358
100049597
100049598
100049599
100049600
100049883
100049884
100049885
100049901
100050003
100050004
100050005
100050006
100050030
100050300
100050420
100050626
100050631
100050695
100050750
100050813
100051519
100051520
100051521
100051652
100051681
100051930
100051931
100052416
100052417
100052418
100052421
100052516
100052519
100052520
100052521
100052768
100053209
100053256
100053299
100053300
100053451
100053563
100053565
100053578
100053579
100053580
100053581
100053582
100053583
100053586
100053595
100053596
100054054
100054190
100054604
100054630
100054631
100054654
100055174
100055268
100055603
100055640
100055641
100055642
100055848
100056769
100056770
100056900
100056923
100056927
100056928
100056929
100056930
100057082
100057083
100057124
100057246
100057501
100057502
100057503
100057504
100057505
100057507
100057612
100057657
100057792
100057794
100057795
100057796
100057894
100057895
100057896
100057897
100057898
100057899
100057900
100057903
100057904
100057905
100058166
100058190
100058196
100058217
100058218
100058425
100058426
100058427
100058428
100058429
100058436
100058514
100058553
100058554
100058555
100059039
100059040
100059041
100059184
100059187
100059189
100059340
100059516
100059529
100060100
100060117
100060249
100060278
100060300
100060321
100060330
100060337
100060369
100060370
100060991
100060992
100060995
100061008
100061023
100061024
100061091
100061128
100061140
100061246
100061247
100061248
100061252
100061257
100061409
100061412
100061413
100061633
100061648
100061896
100061984
100062834
100062943
100062945
100063072
100063085
100063195
100063203
100063204
100063205
100063206
100063211
100063212
100063225
100063295
100063353
100063355
100063362
100063363
100063376
100063389
100063497
100063627
100064177
100064178
100064602
100064681
100064682
100064714
100102185
100115390
100115392
100115394
100115395
100115396
100117676
100117677
100117678
100117679
100117680
100117681
100117682
100117683
100117684
100117685
100117686
100117687
100117688
100117689
100117690
100117691
100117692
100117693
100117694
100117695
100117696
100117697
100117698
100117699
100117700
100117701
100117702
100117703
100117704
100117705
100117706
100117707
100117708
100117709
100117710
100117711
100117712
100117713
100117714
100117715
100117716
100117717
100117718
100117719
100117720
100117721
100117722
100117723
100117724
100117725
100117726
100117727
100117728
100117729
100117730
100117731
100117732
100126835
100127652
100127783
100128044
100128045
100128046
100128047
100128048
100128053
100128055
100128056
100129897
100130631
100130632
100130633
100130634
100130687
100130769
100130795
100130920
100130922
100130961
100131784
100133221
100133755
100133931
100134303
100134304
100134305
100134306
100136236
100136319
100137034
100137035
100137036
100137037
100137038
100137039
100137040
100137041
100137042
100137043
100137045
100137046
100137047
100137048
100137049
100137050
100137051
100137114
100137115
100137116
100137117
100137118
100137119
100137120
100137121
100137481
100137482
100137787
100137788
100137789
100137791
100138344
100138638
100139170
100139171
100139172
100139173
100139581
100139582
100139583
100139584
100139585
100139586
100139981
100140222
100140223
100141793
100142221
100142222
100142223
100142550
100142551
100142552
100142926
100142927
100142928
100142929
100142930
100142931
100142932
100142933
100142934
100143814
100143815
100143816
100143886
100143887
100143888
100144043
100144044
100144045
100144361
100144362
100145944
100147259
100148013
100148967
100149521
100149522
100149523
100149524
100149525
100149526
100149527
100149528
100149529
100149902
100150031
100150061
100150062
100150063
100150064
100150065
100150505
100151433
100151758
100152481
100152482
100152483
100153371
100153497
100154114
100154116
100156132
100156281
100156282
100157147
100157978
100158153
100158214
100158215
100158216
100158301
100159197
100159198
100159199
300014336
300014385
300014386
300014392
300014435
300014509
300014548
300014656
300014679
300014693
300014706
300014757
300014803
300014866
300014875
300014916
300015024
300015025
300015026
300015027
300015028
300015029
300015030
300015031
300015032
300015033
300015034
300015035
300015036
300015037
300015038
300015039
300015040
300015041
300015042
300015043
300015044
300015045
300015046
300015047
300015048
300015049
300015050
300015051
300015052
300015053
300015054
300015055
300015056
300015072
300015119
300015231
300015238
300015435
300015436
300015452
300015457
300015458
300015495
300015585
300015586
300015587
300015588
300015617
300015618
300015940
300016032
300016033
300016274
300016362
300016455
300016602
300016603
300016610
300016680
300016681
300016682
300016685
300016686
300016697
300016698
300016699
300016751
300016779
300016800
300017018
300017128
300017129
300017131
300017152
300017238
300017242
300017247
300017248
300017267
300017268
300017269
300017270
300017311
300017376
300017586
300017640
300017660
300017808
300018001
300018081
300018088
300018178
300018179
300018223
300018224
300018295
300018318
300018337
300018442
300018443
300018445
300018447
300018493
300018648
300018665
300018669
300018702
300019043
300019381
300019416
300019554
300019746
300019783
300019805
300019995
300020325
300020348
300020349
300020350
300020453
300020473
300020478
300020482
300020483
300020511
300020516
300020535
300020536
300020604
300020605
300020606
300020607
300020668
300020679
300020688
300020934
300020936
300020982
300020985
300020986
300021023
300021024
300021054
300021057
300021058
300021259
300021270
300021441
300021518
300021519
300021646
300021668
300021697
300021745
300021759
300021760
300021909
300021911
300021929
300021987
300022073
300022074
300022210
300022291
300022292
300022314
300022489
300022501
300022502
300022506
300022511
300022516
300022517
300022525
300022544
300022546
300022577
300022578
300022608
300022613
300022633
300022664
300022666
300022681
300022699
300022811
300022812
300022813
300022814
300022868
300022869
300022870
300022881
300022899
300022989
300022997
300023005
300023017
300023018
300023019
300023020
300023021
300023023
300023024
300023025
300023027
300023041
300023062
300023070
300023090
300023091
300023094
300023095
300023096
300023127
300023138
300023152
300023164
300023182
300023184
300023202
300023219
300023225
300023228
300023257
300023258
300023262
300023268
300023281
300023300
300023310
300023316
300023334
300023369
300023416
300023417
300023418
300023419
300023434
300023458
300023461
300023464
300023481
300023494
300023495
300023525
300023531
300023543
300023552
300023562
300023574
300023583
300023585
300023603
300023605
300023608
300023620
300023629
300023639
300023654
300023655
300023656
300023661
300023669
300023683
300023687
300023688
300023690
300023706
300023716
300023733
300023753
300023758
300023761
300023763
300023810
300023816
300023833
300023834
300023848
300023897
300023905
300023972
300023989
300023998
300024019
300024035
300024063
300024065
300024068
300024072
300024079
300024100
300024108
300024124
300024125
300024129
300024144
300024176
300024177
300024180
300024181
300024183
300024207
300024215
300024225
300024240
300024272
300024279
300024303
300024305
300024313
300024323
300024330
300024341
300024355
300024360
300024363
300024424
300024568
300024579
300024591
300024598
300024602
300024606
300024620
300024622
300024628
300024629
300024630
300024631
300024634
300024637
300024638
300024639
300024640
300024642
300024643
300024645
300024649
300024676
300024680
300024689
300024693
300024706
300024707
300024708
300024709
300024710
300024711
300024712
300024713
300024714
300024729
300024746
300024787
300024814
300024832
300024848
300024853
300024865
300024890
300024897
300024925
300024956
300024971
300025034
300025035
300025055
300025061
300025062
300025063
300025064
300025065
300025066
300025075
300025106
300025114
300025131
300025144
300025166
300025186
300025203
300025221
300025228
300025264
300025266
300025274
300025305
300025312
300025313
300025339
300025350
300025387
300025411
300025429
300025443
300025451
300025452
300025453
300025483
300025493
300025528
300025551
300025604
300025661
300025675
300025718
300025725
300025734
300025755
300025757
300025773
300025779
300025822
300025837
300025848
300025857
300025877
300025902
300025909
300025936
300025960
300025970
300025977
300025986
300026004
300026028
300026034
300026099
300026118
300026126
300026127
300026129
300026452
300026554
300026702
300026703
300026707
300026717
300026735
300026742
300026763
300026767
300026787
300026800
300026824
300026838
300026859
300026867
300026914
300026924
300026964
300026973
300026977
300026988
300026999
300027016
300027026
300027059
300027077
300027095
300027110
300027135
300027143
300027168
300027185
300027230
300027231
300027232
300027246
300027303
300027319
300027341
300027385
300027404
300027418
300027432
300027443
300027451
300027471
300027481
300027501
300027520
300027546
300027562
300027601
300027638
300027672
300027685
300027713
300027722
300027753
300027769
300027801
300027828
300027845
300027875
300027884
300027886
300027925
300027948
300027971
300027983
300028013
300028030
300028040
300028043
300028062
300028080
300028082
300028083
300028084
300028085
300028086
300028140
300028144
300028145
300028146
300028147
300028148
300028252
300028253
300028263
300028265
300028326
300028404
300028438
300028442
300028467
300028468
300028469
300028473
300028479
300028631
300028650
300028664
300028665
300028666
300028667
300028766
300029036
300029322
300029336
300029337
300029338
300029339
300029456
300029457
300029458
300029544
300029550
300029551
300029563
300029624
300029628
300029677
300029702
300029703
300029976
300029979
300029980
300030211
300030260
300030261
300030262
300030266
300030744
300030783
300031226
300031313
300031317
300031589
300031612
300031718
300032064
300032133
300032134
300032135
